X |Z| |Z|^2
100 2.6381036121589703 6.959590668486206
105 2.6093664462334276 6.8087932507288675
112 2.6336176465502197 6.935941908220718
118 2.6336176465502197 6.935941908220718
126 2.6336176465502197 6.935941908220718
133 2.6336176465502197 6.935941908220718
141 2.6220380222312327 6.875083390026274
149 2.6411464214732283 6.97565441966084
158 2.6411464214732283 6.97565441966084
168 2.6411464214732283 6.97565441966084
178 2.6411464214732283 6.97565441966084
188 2.646710697922414 7.005077518496953
200 2.758052772261765 7.606855094580807
212 2.758052772261765 7.606855094580807
224 2.758052772261765 7.606855094580807
238 2.8266377719276696 7.98988109368822
252 2.91878214861728 8.519289231086907
267 2.91878214861728 8.519289231086907
283 3.113669572048257 9.694938203899175
300 3.113669572048257 9.694938203899175
318 3.217184956625832 10.350279045139557
337 3.217184956625832 10.350279045139557
357 3.3125795940659173 10.973183567021918
378 3.3125795940659173 10.973183567021918
400 3.3125795940659173 10.973183567021918
424 3.37378001616461 11.382391597471678
450 3.4503930592931904 11.905212263618623
476 3.528979124095953 12.45369365830504
505 3.528979124095953 12.45369365830504
535 3.592289709237409 12.904545355092987
567 3.592289709237409 12.904545355092987
601 3.7112948986756304 13.773709824935757
636 3.7816320545379343 14.300740995908798
674 3.941301785676258 15.53385976577486
714 3.941301785676258 15.53385976577486
757 3.941301785676258 15.53385976577486
802 3.941301785676258 15.53385976577486
850 4.1059145599930105 16.8585343739626
901 4.247748719449201 18.043369183582328
954 4.247748719449201 18.043369183582328
1011 4.247748719449201 18.043369183582328
1071 4.48796607300743 20.14183947246573
1135 4.5606078525959175 20.799143985159546
1203 4.6298694904349444 21.435691498460333
1275 4.692991720452934 22.02417128823979
1350 4.974842794545037 24.74906083043667
1431 5.042548673198515 25.4272971215761
1516 5.26339806238068 27.703359163072694
1607 5.331233770055749 28.422053510982835
1702 5.547377951353533 30.77340213516332
1804 5.695221570730111 32.43554873970955
1911 5.836352394724679 34.0630092754085
2025 6.0552262739756655 36.66576522904522
2146 6.520972859243416 42.52308703098926
2273 6.677629480377451 44.59073547720603
2409 6.91465124212403 47.8124018002074
2552 6.9852184263644945 48.793276464022064
2704 7.194922511945822 51.766909952904776
2866 7.482733211373512 55.991296312592155
3036 7.615731768912748 57.999370376026896
3217 7.741589342290482 59.93220554466557
3409 8.188298364210597 67.04823010133394
3612 8.59151659111935 73.81415733547905
3827 8.788118655964062 77.2310295113036
4055 9.176745577039519 84.21265938571437
4297 9.707487011861677 94.23530408546314
4552 10.038663046278494 100.77475575671741
4824 10.360980417690309 107.34991521576204
5111 10.671565488881768 113.88230998349238
5415 10.790484798202415 116.43456218023742
5738 11.251975191569356 126.60694571169223
6080 11.47863000159502 131.75894671351728
6442 11.79740815965036 139.1788392853849
6826 12.257198562944334 150.23891661144464
7232 12.563448990521493 157.84025053743554
7663 12.952149753816004 167.75818324527597
8119 13.181594850747189 173.7544428092448
8603 13.48707819896366 181.90127834496084
9115 13.820966337560407 191.0191105039779
9658 14.143676171498006 200.0435756442005
10234 14.538113133251787 211.3567334752281
10843 14.848186213604412 220.46863383387213
11489 15.21604755344672 231.52810314875188
12173 15.598222470269766 243.30454423202863
12898 15.80072854855536 249.6630226651324
13667 15.988393557066049 255.62872853563113
14481 16.465753457010553 271.121036907055
15343 16.722040639767187 279.6266431580254
16257 17.069879810590084 291.380796747991
17225 17.351512118192197 301.07497278777066
18251 17.886147649954772 319.9142777559826
19338 18.13831171030021 328.99835170001376
20490 18.550527530963297 344.12207167702724
21711 19.08251774263981 364.1424833981631
23004 19.51677751742265 380.9046046645742
24374 19.92120114945729 396.85425523713843
25826 20.182320024428467 407.32604156844627
27364 20.555605848869536 422.5329318140795
28994 21.0308218888281 442.29546931961113
30721 21.36608233198836 456.5094742173051
32550 21.88080813799002 478.7697647715303
34489 22.44369934786993 503.7196404175771
36543 22.908226509693108 524.786841819406
38720 23.367712955384004 546.0500087652214
41026 23.705933895278985 561.971301847337
43470 24.16297718175959 583.8494662862346
46059 24.609218512913053 605.6136358163026
48802 25.096282723539215 629.8234065398128
51709 25.714671392300282 661.2443248139865
54789 26.196823344102356 686.2735533221062
58052 26.721962383525618 714.0632736265582
61509 27.253240320014463 742.7391079404621
65173 27.696825815803287 767.1141602709474
69055 28.195611431700108 794.9925040074178
73168 28.863349434157165 833.0929405582607
77525 29.38261821774927 863.3382533300112
82143 30.030209932566436 901.8135085940119
87035 30.66874557637062 940.5719552281523
92219 31.33845313658504 982.0986449939368
97712 32.10274639056984 1030.5863258172449
103532 32.82451274659152 1077.4486370511495
109698 33.55568057721773 1125.983699000267
116232 34.3461960098319 1179.6611803457927
123155 35.21840671277539 1240.3361713864626
130490 35.98155997250847 1294.6726580552238
138262 36.83551852938749 1356.8554253288494
146497 37.61177751313978 1414.645807697927
155222 38.64402198213419 1493.3604349556706
164467 39.59561092107809 1567.8124042133986
174263 40.366012732650354 1629.4149839324905
184642 41.54728769853219 1726.1771151046041
195639 42.5158544987754 1807.59788376104
207292 43.570629856736474 1898.399786112736
219638 44.5885691623928 1988.1404999494862
232720 45.80080251256403 2097.713510794892
246581 46.87416112993742 2197.186981635336
261267 47.97660174395174 2301.754314897753
276828 49.23045799122273 2423.6379940255456
293316 50.46452847959577 2546.6686346679326
310786 51.71797671599029 2674.7491155957136
329297 53.31225382891085 2842.1964083182193
348910 54.561771625906935 2976.986922957623
369691 55.88640181462222 3123.2899077854095
391710 57.239239377375135 3276.330524500452
415040 58.715977199650474 3447.565978509874
439760 60.26338031217966 3631.6750066504032
465952 61.778626335883516 3816.5986719487205
493704 63.277611207361275 4004.056080109973
523109 64.89160259645851 4210.920087536701
554266 66.59478204377149 4434.864995457429
587278 68.36340121780371 4673.554626066406
622257 70.14482851941477 4920.296968018104
659318 72.01044803818489 5185.504626660126
698587 73.8774234128943 5457.873690128064
740195 75.71354915296887 5732.541525339033
784282 77.63981465943687 6027.940820351708
830994 79.61622609585143 6338.743457745734
880488 81.68388674559004 6672.257353866381
932930 83.86813289128332 7033.863714669959
988495 86.03185075529252 7401.479344380927
1047370 88.43008221614114 7819.879440753482
1109752 90.82073175100241 8248.405315787537
1175849 93.27257527763221 8699.773298921567
1245883 95.76471272238587 9170.880202801094
1320088 98.27304275471715 9657.590932270465
1398713 101.02346084604036 10205.739641311451
1482020 103.6348508161078 10740.18230367692
1570290 106.4571749754303 11333.130103749385
1663816 109.32338741598507 11951.603036105562
1762914 112.29059581977253 12609.177909559518
1867913 115.40524115573928 13318.369686214339
1979166 118.42212516692356 14023.799729050512
2097046 121.65700806404588 14800.427611095325
2221946 124.72441106470633 15556.17871543784
2354286 128.0728688964379 16402.659747364174
2494508 131.3154764237521 17243.754348396993
2643081 134.68268461865222 18139.42553608734
2800503 138.21069589855364 19102.196460762472
2967302 141.62510369601924 20057.669996908204
3144035 145.39665565643685 21140.18747607647
3331294 149.2115717016874 22264.0931296878
3529707 153.04858999417252 23423.870899204325
3739937 157.15951923815845 24699.114487169096
3962688 161.29637198500114 26016.519615523863
4198707 165.46749725934083 27379.492649269967
4448782 169.65488640297602 28782.7804804067
4713753 173.9227013365894 30249.106040216477
4994505 178.27514492450976 31782.02729785496
5291978 182.6015965864382 33343.343075916324
5607169 187.271065217442 35070.45186767541
5941133 192.0032484201511 36865.24740389025
6294988 196.89739059896698 38768.58242468217
6669919 201.69712692191425 40681.73100855479
7067181 206.72100791154935 42733.57511196685
7488103 211.91353550927172 44907.346532039366
7934096 217.38432699306864 47255.94562222939
8406652 222.85783813941615 49665.6160201742
8907354 228.5243938226801 52223.3985720234
9437878 234.25818167107798 54876.89567983978
10000000 240.16813633448987 57680.73371038211
